0.00795144 -0.00314099 0.00569119 -0.00440499 -0.00705083 0.00870207 0.00179187 0.000138843 -0.00448296 -0.00460134 0.000394536 -0.00188507 -0.00523367 -0.00499218 0.0102512 -0.0127697 0.00288793 0.00859795 -0.00340505 -0.00296109 0.00852083 
0.0120014 -0.00184238 0.000717147 -0.00872933 -0.00333537 0.00453785 0.00615113 -0.000252606 -0.00343739 -0.00988 0.00252935 -0.00203989 -0.00887959 -0.000339162 0.0175401 -0.0132008 -0.00377287 0.00404418 -0.000220664 0.000332352 0.00807659 
0.00778333 -0.00140882 -0.000521886 -0.012616 -0.00414675 0.00565419 -0.00394831 -0.00107762 0.0102085 -0.000564503 0.000128213 -0.00143856 -0.00496979 -0.0062485 0.0203746 -0.0106582 0.00126934 0.000245532 -0.00228767 -0.00191483 0.00613767 
0.00855277 -0.00395063 0.000813791 -0.00985958 -0.00665869 0.00715147 -0.00167212 -0.00104792 0.0103304 -0.00571368 -0.000541104 -0.00539204 -0.0025933 -0.00111139 0.0271761 -0.013424 -0.00346513 -0.000741854 -0.000374622 -0.00220824 0.00472983 
0.00994454 -0.00325318 -0.00369299 -0.00945543 -0.00294601 -0.000364037 0.00176583 0.00255031 0.00854801 -0.00202263 -0.000306221 -0.00187178 -0.0087363 -0.00307705 0.018464 -0.0110791 -0.00713796 0.00623475 -0.000361163 0.00396324 0.0028332 
0.0184523 -0.00363048 -0.00209975 -0.00624256 -0.00332417 0.000578213 -0.0018813 0.0044492 -0.00566043 -0.0025261 0.000253862 -0.000155678 -0.00459058 -0.00630459 0.0101539 -0.0102524 0.00263785 0.0100182 -0.00210731 0.00111369 0.00111814 
0.0137208 -0.00174313 -0.00347661 -0.0196727 0.000868714 0.00857851 -0.000665361 0.00305708 -0.00737515 0.0105849 -0.00166005 -0.000966364 -0.00516551 -0.00680823 0.0161474 -0.013301 0.00140932 0.00636562 -0.000402756 0.000933507 -0.000428978 
0.0143728 -0.0026232 -0.00115987 -0.00886465 0.0074201 0.00458448 -0.000385754 -0.000485401 -0.022644 -0.00505869 -0.00340377 -0.00190479 -0.00460856 0.00455889 -0.00078212 -0.00387084 0.00229147 0.00842299 -0.000612288 0.0148019 -4.8725e-005 
0.0136848 -0.00353261 0.025567 -0.00480468 -0.00198275 -0.00185013 -0.00182434 0.00232889 -0.037011 -0.00268771 -0.00148109 0.0141877 -0.00737899 -0.000258585 -0.0122162 0.00388373 0.00357244 0.00732539 -0.00175902 0.00699454 -0.000757374 
0.0212283 -0.0046203 -0.00723582 -0.00675908 0.0115985 0.0167318 -0.00122197 0.00723233 -0.0498081 0.0359763 9.79913e-005 -0.00945476 -0.00928554 -0.00196158 -0.0224453 -0.0121376 -0.00126621 0.0138053 0.00315788 0.0163958 -2.79607e-005 
0 0 0 0 0 0 0 0 0 0 0 0 0 0 0 0 0 0 0 0 0 
-0.00118857 -0.00644929 0.0437735 0.0129942 -0.00573529 0.0106812 -0.00229984 -0.0146811 0.00197725 -0.0181781 -0.00855852 -0.0058672 0.00737457 0.00115378 0.0130167 -0.00855676 -0.00424959 -0.0102445 0.000589152 -0.00174828 -0.00380335 
0.0110123 -0.00364411 0.0241032 -0.00425509 0.00514989 0.00894728 -0.00432473 -0.00260757 -0.0281287 0.00373925 0.00109234 -0.0015076 -0.00422848 -0.00413764 -0.00470642 -0.0170366 0.00147904 0.011414 -0.000292305 0.0118657 -0.0039337 
0.0152971 -0.0029028 0.00850983 0.000823552 0.00156617 0.00392062 -0.00344432 -0.00475236 -0.0115831 0.00265132 -0.00563628 -0.00544692 0.00253174 -0.000274131 0.00659376 -0.0131143 -0.00107466 0.00728206 -0.00129558 0.00561275 -0.00526444 
0.0121562 -0.00343388 -0.000517298 -0.00790929 -0.00036086 0.0048917 0.0012351 0.00574903 -0.00251503 -0.00530999 -0.00492397 -0.00349054 -0.00492854 -7.70143e-005 0.0142631 -0.0106865 0.00165974 0.00646052 0.000310067 0.00331034 -0.00588288 
0.0135939 -0.00347617 -0.00109699 -0.0117779 -0.000334465 0.00155162 -0.000874371 0.00218961 -0.000129959 -0.00279944 7.55969e-005 -0.00255595 -0.00317909 -0.00571812 0.0221073 -0.0105182 0.00217649 0.00677998 -0.00223244 0.0023707 -0.00615216 
0.0118228 -0.00340783 0.00417203 -0.00850442 -0.0052947 0.00644759 -0.00067882 -0.00451557 0.012235 -0.000917317 -0.00498198 -0.00359015 -0.00639178 -0.00288219 0.0167752 -0.0154611 -0.000154048 0.00855131 -0.000640422 0.00246908 -0.00505258 
0.00605498 -0.00269397 -0.00360034 -0.0060947 -0.00124075 0.00443894 0.000647573 -0.00347876 0.00732772 -0.00483205 -0.00159909 -0.00382903 -0.00293144 -0.00479611 0.0289366 -0.0143477 -0.00196836 0.00471629 0.000966796 0.00252779 -0.0042043 
0.00298313 -0.00192522 -0.00412829 -0.0025318 -0.00365605 0.00828023 -0.000469289 -0.00486038 0.00988734 0.0017433 -0.00313866 -0.00562884 -0.00723199 -0.00226915 0.021604 -0.0101414 -0.000826148 0.00579051 -0.00223192 0.00273471 -0.0039841 
0.0100219 -0.00476114 -0.00273061 -0.00332328 -0.000710021 0.00890847 0.00180655 -0.00123088 -0.000769924 -0.00325732 -0.00667065 -0.00335283 -0.00381029 -0.00270045 0.0194542 -0.00733484 -0.00286363 0.0037796 0.000771071 0.00128145 -0.0025074 
0.00958784 -0.000837017 0.000369551 -0.00671981 0.00276726 0.000803702 0.00260239 0.00404864 0.00272342 -0.00405298 -0.00207511 -0.0057122 -0.00601379 -0.00553567 0.0138395 -0.013254 0.00220689 0.00623806 0.000421736 0.000347898 -0.00175629 
